0.0 0.5 0.0 2.25 0.0
0.040160642570281124 0.523951110622 1.18077711373 2.23401530649 -0.788901641449
0.08032128514056225 0.592947373726 2.22061310325 2.18776202065 -1.4938979594
0.12048192771084337 0.698742834673 2.99473341896 2.11614985433 -2.04066072116
0.1606425702811245 0.828650248084 3.40884935293 2.0267360729 -2.3729217556
0.20080321285140562 0.966996072106 3.40997883855 1.92886353656 -2.45888385466
0.24096385542168675 1.09691921381 2.99254676643 1.83259506424 -2.29483582965
0.28112449799196787 1.20230707638 2.19904373643 1.74756639789 -1.90554463564
0.321285140562249 1.26964697224 1.11519392987 1.68188921542 -1.34139534616
0.3614457831325301 1.28957989535 -0.139856628139 1.64123035231 -0.672581780226
0.40160642570281124 1.25798010488 -1.42713945847 1.62817179963 0.0189462618108
0.44176706827309237 1.1764361911 -2.60376189894 1.6419251173 0.648897403865
0.4819277108433735 1.05208167851 -3.53925341684 1.67843103234 1.14031854556
0.5220883534136547 0.896784486199 -4.13048464037 1.73083870423 1.43242946545
0.5622489959839357 0.725801819533 -4.31345783813 1.79030154195 1.48760456434
0.6024096385542169 0.556044217142 -4.07061725533 1.84700445159 1.29570124566
0.642570281124498 0.404152063464 -3.43284426083 1.89130210437 0.875240363302
0.6827309236947792 0.284603220222 -2.47590527099 1.91483872674 0.271301315325
0.7228915662650602 0.208068903257 -1.31176313972 1.91152081959 -0.44962497065
0.7630522088353414 0.180206816651 -0.0757399121311 1.8782308646 -1.20724005041
0.8032128514056225 0.20102744058 1.08898415668 1.81520153531 -1.91661950341
0.8433734939759037 0.264908244724 2.04777779034 1.72600613285 -2.49793105977
0.8835341365461847 0.361253217399 2.68998275129 1.61716679757 -2.88557030827
0.9236947791164659 0.475722101861 2.94158867216 1.49742528312 -3.03566796935
0.963855421686747 0.591888157307 2.77371439479 1.37675991721 -2.9311133329
1.0040160642570282 0.69313566932 2.20591288321 1.26526056135 -2.58351169455
1.0441767068273093 0.764578479576 1.30393113005 1.17199112329 -2.03185749019
1.0843373493975903 0.794780645395 0.17217763619 1.10396927027 -1.33807272542
1.1244979919678715 0.777081688765 -1.05824131416 1.06538034665 -0.579920779996
1.1646586345381527 0.710374052466 -2.24454325917 1.05711575353 0.157891027812
1.2048192771084338 0.599245684297 -3.24862587863 1.07668737045 0.793399528296
1.2449799196787148 0.453469122447 -3.95289595479 1.11852905686 1.25676158053
1.285140562248996 0.286896518531 -4.27374695589 1.17465003597 1.49823742403
1.3253012048192772 0.115886892293 -4.17115276796 1.23556536548 1.49387385378
1.3654618473895583 -0.0425545922087 -3.65325816521 1.29139701558 1.2482242172
1.4056224899598393 -0.172711037096 -2.77547023261 1.33301863928 0.793811586056
1.4457831325301205 -0.261942200054 -1.63412998776 1.3531139128 0.187382033492
1.4859437751004017 -0.302121526746 -0.355500146691 1.34702683509 -0.496616110653
1.5261044176706828 -0.290556399808 0.918674179374 1.3133060128 -1.17458267193
1.5662650602409638 -0.230287508684 2.04737439007 1.25388128119 -1.76336404557
1.606425702811245 -0.129732363563 2.90643481159 1.17385194851 -2.18980267591
1.6465863453815262 -0.00171400625568 3.40273755354 1.08091098121 -2.3991424555
1.6867469879518073 0.138013644153 3.48484990376 0.984471134439 -2.36132707383
1.7269076305220883 0.272575222168 3.14889009838 0.894592880523 -2.07447220869
1.7670682730923695 0.385910629322 2.43894430737 0.820837030445 -1.56511050572
1.8072289156626506 0.464617337755 1.44199163835 0.771173352402 -0.885183771392
1.8473895582329318 0.499487257742 0.27791648833 0.751070173668 -0.106125510375
1.8875502008032128 0.486562344051 -0.914251112727 0.762869103039 0.689290609914
1.927710843373494 0.427587292894 -1.99228005829 0.805516923187 1.41639635604
1.9678714859437751 0.329808602304 -2.82705645135 0.874684697231 1.99829586901
2.0080321285140563 0.205143300577 -3.31738867258 0.963260286115 2.37463634844
2.0481927710843375 0.0688089327204 -3.40164267109 1.06216003041 2.50850134066
2.0883534136546187 -0.0624220859935 -3.06480604777 1.16136298894 2.390596581
2.1285140562248994 -0.17214948872 -2.34024049379 1.25105267839 2.04028985031
2.1686746987951806 -0.246229767588 -1.30588844589 1.32273377201 1.5033661562
2.208835341365462 -0.274403449029 -0.0753683760236 1.3701964598 0.846755525706
2.248995983935743 -0.251478736335 1.21501276029 1.39021812836 0.150842568265
2.289156626506024 -0.177934713433 2.42184873919 1.38292133072 -0.499764937923
2.3293172690763053 -0.0598774661532 3.41103217607 1.35174857144 -1.02594663313
2.3694779116465865 0.0916480105416 4.07309489701 1.30305560233 -1.36315379078
2.4096385542168677 0.261911157051 4.33572586991 1.24536999187 -1.46882197945
2.4497991967871484 0.434170062605 4.17203345895 1.18840047832 -1.32726331123
2.4899598393574296 0.591575372283 3.60361467674 1.14191032975 -0.951483129442
2.5301204819277108 0.71908633526 2.69806326191 1.11458355701 -0.381703083045
2.570281124497992 0.805178920465 1.56121918526 1.11301431821 0.31923018406
2.610441767068273 0.843150436229 0.32503491046 1.14093533675 1.07303229191
2.6506024096385543 0.831871531559 -0.867540264619 1.19877364852 1.79493436026
2.6907630522088355 0.775902024609 -1.87893655056 1.28358316009 2.40338277674
2.7309236947791167 0.684951165871 -2.59272840984 1.38936549793 2.82937659065
2.7710843373493974 0.572750562216 -2.92696774717 1.50773873435 3.02436462212
2.8112449799196786 0.45546547151 -2.84356934539 1.62887953015 2.96580427898
2.8514056224899598 0.349827830408 -2.35267023244 1.7426300873 2.65974342487
2.891566265060241 0.271203985534 -1.51147122395 1.83964376951 2.14013404503
2.931726907630522 0.231819804096 -0.417667386006 1.91243749982 1.46494093231
2.9718875502008033 0.239344761556 0.801731272155 1.95623152869 0.70951999059
3.0120481927710845 0.29599899498 2.00496141076 1.96947944104 -0.0420068488634
3.0522088353413657 0.398283752097 3.05174738298 1.95402891461 -0.706371515261
3.0923694779116464 0.537368119563 3.81937695278 1.9148937484 -1.21068191102
3.1325301204819276 0.700085966776 4.21676993638 1.85966443829 -1.50075541314
3.1726907630522088 0.870430826035 4.19492382009 1.79762379477 -1.54730667645
3.21285140562249 1.03137634296 3.75254126217 1.73866968584 -1.34928191154
3.253012048192771 1.16681417788 2.93619719109 1.69216816407 -0.933959221872
3.2931726907630523 1.26338754475 1.83502435683 1.66586834767 -0.353802470803
3.3333333333333335 1.31201063179 0.570527353246 1.6650032843 0.319570031365
3.3734939759036147 1.30889925847 -0.717311879625 1.69168023165 1.00361320851
3.4136546184738954 1.25599560256 -1.8860381414 1.7446297459 1.61433227155
3.4538152610441766 1.16073910851 -2.80701416268 1.81934193821 2.07592974374
3.4939759036144578 1.03520695376 -3.38012821311 1.90857605106 2.32951450779
3.534136546184739 0.894725687361 -3.54523211679 2.00318316856 2.339874306
3.57429718875502 0.756111440666 -3.28900301467 2.09314883524 2.09953780244
3.6144578313253013 0.635740684441 -2.64644221697 2.16873595746 1.62966030087
3.6546184738955825 0.547672404309 -1.69683964242 2.22159716977 0.977631551254
3.6947791164658637 0.502036779808 -0.554666151848 2.24572927603 0.211679467049
3.7349397590361444 0.503874606053 0.643562837286 2.23816064511 -0.58691226688
3.7751004016064256 0.55256158326 1.75495013793 2.19929212201 -1.33308290342
3.8152610441767068 0.64188166828 2.6466046879 2.1328534346 -1.94770279115
3.855421686746988 0.760741344253 3.21088750567 2.04547991995 -2.36660516989
3.895582329317269 0.894444260255 3.37776972265 1.94595727783 -2.54790749398
3.9357429718875503 1.02638018142 3.12287409031 1.84422085987 -2.47677615116
3.9759036144578315 1.13993297103 2.47029281652 1.75022515486 -2.16709728964
4.016064257028113 1.22039075516 1.48985269415 1.67281190626 -1.65985886456
4.056224899598393 1.25663897068 0.289142516127 1.61870674964 -1.01843045751
4.096385542168675 1.24244241451 -0.998786766727 1.59175920428 -0.321280099684
4.136546184738956 1.17716842338 -2.23063854395 1.59251360182 0.347036448409
4.176706827309237 1.06587102305 -3.26925585581 1.6181584333 0.905578766582
4.216867469879518 0.91872372188 -3.99931266251 1.66286141786 1.28631388362
4.257028112449799 0.749866516884 -4.34050359422 1.71845146318 1.44192691057
4.2971887550200805 0.575799657984 -4.25672379879 1.77536901898 1.35125682999
4.337349397590361 0.413507716605 -3.76019010274 1.82377611858 1.02173627985
4.377510040160643 0.278528651689 -2.9100286384 1.85469895659 0.488554098042
4.417670682730924 0.183188974466 -1.80549367687 1.8610720554 -0.189361797098
4.457831325301205 0.135207266511 -0.574590406469 1.83856423573 -0.936083513271
4.497991967871486 0.13682588282 0.6405901601 1.78609173267 -1.66736947253
4.538152610441767 0.184569101257 1.70014755673 1.70596026517 -2.30030487772
4.578313253012048 0.269657429947 2.48239856157 1.60361846714 -2.76279416284
4.618473895582329 0.379028894191 2.89781197636 1.48705181302 -3.00181431415
4.658634538152611 0.49685044928 2.89926407709 1.36588625276 -2.98948888046
4.698795180722891 0.606347434227 2.4874316417 1.25030348335 -2.7262819576
4.738955823293173 0.691740171939 1.71071016093 1.1498927696 -2.2409494434
4.779116465863454 0.740066711538 0.659665511037 1.07257021501 -1.5872524679
4.819277108433735 0.742682718488 -0.543344331456 1.02368926992 -0.837810030329
4.859437751004016 0.696265297868 -1.75819615942 1.00544507297 -0.0757905413267
4.899598393574297 0.603208948845 -2.84305231318 1.01663884839 0.614595473346
4.9397590361445785 0.471365151662 -3.67061959746 1.05283108898 1.15772607254
4.979919678714859 0.313156633307 -4.14274112923 1.10686514194 1.49521136236
5.020080321285141 0.144167796177 -4.20165705885 1.16970109593 1.59256413947
5.0602409638554215 -0.0186284738498 -3.83662995558 1.23146508228 1.4431252616
5.100401606425703 -0.158802471632 -3.0851984964 1.28259249048 1.06880761138
5.140562248995984 -0.262338614573 -2.02889767573 1.31493527941 0.517562827601
5.180722891566265 -0.319230957562 -0.7839435442 1.322706224 -0.142134246716
5.220883534136546 -0.324620089482 0.512053193974 1.30315160164 -0.829153033307
5.261044176706827 -0.279341675392 1.71582234605 1.25687548232 -1.45902494861
5.301204819277109 -0.189823800012 2.69481647036 1.18777840439 -1.95364431168
5.341365461847389 -0.0673448588237 3.34236536788 1.10261739541 -2.25024203168
5.381526104417671 0.0732630601891 3.58986516201 1.01023764981 -2.30860291251
5.421686746987952 0.215316357034 3.41460614691 0.920564082392 -2.1156998771
5.461847389558233 0.342193480424 2.84235039508 0.843467768093 -1.68721858475
5.502008032128514 0.439240033713 1.94435123516 0.787637471155 -1.06579009674
5.542168674698795 0.495447579791 0.82916685636 0.759585289031 -0.316140232097
5.582329317269076 0.504713851955 -0.369798336686 0.762900301118 0.482291416229
5.622489959839357 0.466539956484 -1.5095993972 0.797835754884 1.24441867423
5.662650602409639 0.386084817706 -2.45414775433 0.861277022134 1.88922227558
5.7028112449799195 0.273570458774 -3.08982142744 0.947094119023 2.34899737762
5.742971887550201 0.143106975684 -3.33850411632 1.04683800588 2.57707823061
5.783132530120482 0.0110702507996 -3.1665582999 1.15070186558 2.5531546212
5.823293172690763 -0.105780009335 -2.58869859935 1.24863625663 2.28556782106
5.863453815261044 -0.192227487362 -1.66633179143 1.33149114075 1.81032921475
5.903614457831325 -0.236350527097 -0.500547435421 1.39205377567 1.18697055399
5.943775100401607 -0.230897132567 0.779435241631 1.42586381876 0.491702992278
5.983935742971887 -0.174126223767 2.03104774027 1.4317123729 -0.191335403161
6.024096385542169 -0.07001799241 3.11467830379 1.41176742702 -0.779735821983
6.06425702811245 0.0721696383273 3.90964129547 1.37131206757 -1.20227560471
6.104417670682731 0.238948324992 4.32798325977 1.31812514435 -1.40709397413
6.144578313253012 0.414130743246 4.32453849063 1.26157524712 -1.36764656784
6.184738955823293 0.580670138074 3.90209177738 1.21153223852 -1.08576220583
6.224899598393574 0.722598274611 3.11104517479 1.17722054421 -0.591444666404
6.265060240963855 0.826839318408 2.04363943019 1.16614595857 0.0605505373114
6.305220883534137 0.884691820905 0.823373191017 1.18321904944 0.796983471264
6.3453815261044175 0.892809363831 -0.409134838737 1.23017551479 1.534503703
6.385542168674699 0.853568494005 -1.51225670887 1.3053594463 2.18919261886
6.42570281124498 0.774780682378 -2.35957858395 1.40389511992 2.68617226031
6.465863453815261 0.668781556939 -2.85437566925 1.51822761437 2.96817846603
6.506024096385542 0.551003226759 -2.9406950071 1.63896957926 3.00212480403
6.546184738955823 0.438189396103 -2.60974641075 1.75595956189 2.78288749591
6.586345381526105 0.346463925775 -1.90091275345 1.85940712014 2.33390338922
6.626506024096385 0.28946842619 -0.897231484571 1.94099703118 1.70449324553
6.666666666666667 0.276785111984 0.284124976504 1.99482452301 0.964222861244
6.706827309236948 0.312824683453 1.50527699975 2.01805505358 0.194949360315
6.746987951807229 0.396307012395 2.6234404187 2.01123295265 -0.518539241013
6.78714859437751 0.520394081514 3.50729235117 1.97820371133 -1.09821813122
6.827309236947791 0.673460046815 4.05202601231 1.92565887579 -1.48174344569
6.867469879518072 0.840410198015 4.19136985313 1.8623557936 -1.6295721744
6.907630522088353 1.00439791678 3.90519578493 1.79810158255 -1.52946971129
6.947791164658635 1.14874304053 3.22184415442 1.74261775393 -1.19788837785
6.9879518072289155 1.2588319569 2.2148994565 1.70441559402 -0.678059361148
7.028112449799197 1.32378195029 0.994785775584 1.68981110683 -0.03501660227
7.068273092369478 1.33767917505 -0.303854693534 1.70219241716 0.65187680605
7.108433734939759 1.30024819726 -1.53755594819 1.74162376814 1.29804442085
7.14859437751004 1.21687802845 -2.5704300014 1.80483057665 1.82340891706
7.188755020080321 1.09800035198 -3.28971010363 1.88556809061 2.16159597656
7.228915662650603 0.957888769014 -3.61863695231 1.97533288156 2.26756445707
7.269076305220883 0.813021929991 -3.52522349718 2.064332556 2.12279553057
7.309236947791165 0.680193641329 -3.02587642595 2.14260524451 1.73743554732
7.349397590361446 0.574589853005 -2.18350561575 2.20115862438 1.14917425598
7.389558232931727 0.5080490388 -1.10028516943 2.23300024063 0.418955296465
7.429718875502008 0.487707625375 0.0940726141161 2.23393969025 -0.375970870227
7.469879518072289 0.515185743314 1.25720136145 2.2030707058 -1.15086446958
7.51004016064257 0.586404692016 2.25040722137 2.14287901042 -1.82316823495
7.550200803212851 0.692057852839 2.95458052936 2.05896307277 -2.32193344033
7.590361445783133 0.818682877369 3.2838624659 1.95939866389 -2.59591623108
7.6305220883534135 0.950209596608 3.19550176195 1.85382158091 -2.61941736742
7.670682730923695 1.0698079575 2.69477469127 1.75233259818 -2.39519802166
7.710843373493976 1.16182383613 1.83440395037 1.66435029983 -1.95413734177
7.751004016064257 1.2135811222 0.70854296599 1.59754304786 -1.35167118286
7.791164658634538 1.21684395607 -0.557984811284 1.5569621675 -0.661420405688
7.831325301204819 1.16877015845 -1.82396496114 1.5444764242 0.0332647441116
7.871485943775101 1.07224892113 -2.94794058653 1.55857112887 0.648867578057
7.911646586345381 0.935582720757 -3.80439356056 1.59453558921 1.11128741592
7.951807228915663 0.771549615729 -4.29810859291 1.64501749463 1.36434588462
7.991967871485944 0.595953733733 -4.37505955791 1.70088038857 1.37623356745
8.032128514056225 0.425829475061 -4.02858786508 1.75226619655 1.14316838175
8.072289156626505 0.277505579535 -3.30014849313 1.78974071959 0.689836659483
8.112449799196787 0.164750563355 -2.27456036661 1.8053909059 0.0665794311282
8.152610441767068 0.0972111998025 -1.07028310324 1.79374853759 -0.656366900722
8.19277108433735 0.0793235478999 0.174152142882 1.75243402233 -1.39690757427
8.23293172690763 0.109820651198 1.31601095793 1.68244678152 -2.07048804718
8.273092369477911 0.181893565481 2.22470200623 1.58806868314 -2.59977557571
8.313253012048193 0.283987019744 2.79673203415 1.47639159786 -2.92351660092
8.353413654618475 0.401138643743 2.96755514634 1.35652302067 -3.00355455313
8.393574297188755 0.516708049848 2.71895893453 1.23856080323 -2.82920411179
8.433734939759036 0.614297988775 2.08114404553 1.13245414278 -2.4184823915
8.473895582329318 0.67964721593 1.12925729209 1.04688134843 -1.81605497227
8.514056224899598 0.702278538307 -0.0252238770142 0.988272635156 -1.08813239296
8.55421686746988 0.676713015443 -1.24726962452 0.960089906354 -0.314901047478
8.594377510040161 0.603111242656 -2.39377471231 0.962445898426 0.418644437204
8.634538152610443 0.487268282694 -3.32996095539 0.99210618546 1.03241707389
8.674698795180722 0.339962510091 -3.94483346759 1.04287389215 1.46039309042
8.714859437751004 0.175733289476 -4.16390139216 1.10631274577 1.6581474429
8.755020080321286 0.0112272282277 -3.95773191013 1.17272570682 1.60792159453
8.795180722891565 -0.136697854453 -3.34534514529 1.23227715883 1.32063579233
8.835341365461847 -0.252893965773 -2.39205373974 1.27612997393 0.834611160041
8.875502008032129 -0.325649093816 -1.20200797388 1.29746722207 0.211156107866
8.91566265060241 -0.348020808441 0.093706598993 1.29228145254 -0.472481311321
8.95582329317269 -0.318624637759 1.35205730311 1.25984112753 -1.13198860952
8.995983935742972 -0.241786951668 2.43441817986 1.20278074665 -1.68567287697
9.036144578313253 -0.127044951213 3.22241858258 1.12680435805 -2.06384550651
9.076305220883533 0.0119492443254 3.63147393136 1.04003621267 -2.2168340867
9.116465863453815 0.158994235983 3.6204408252 0.952093293804 -2.12069882859
9.156626506024097 0.297196157898 3.19630596112 0.872985474317 -1.78000763208
9.196787148594378 0.410903547186 2.41335542305 0.811969525322 -1.22734201557
9.236947791164658 0.487499033482 1.36693390958 0.776488009567 -0.519598813871
9.27710843373494 0.518842395091 0.182496261234 0.771314743598 0.268496356605
9.317269076305221 0.502199570366 -0.998787294217 0.79800479668 1.05291675082
9.357429718875501 0.440551221132 -2.03622201751 0.854712045184 1.74992591059
9.397590361445783 0.342247522436 -2.80572819364 0.936394018675 2.2856386312
9.437751004016064 0.220044502644 -3.21407668007 1.03538311485 2.60445419611
9.477911646586346 0.0896364576035 -3.20958904813 1.14225635129 2.6753956248
9.518072289156626 -0.0321495602698 -2.7880792131 1.24690533375 2.49563051267
9.558232931726907 -0.129289817971 -1.99335532036 1.33968362435 2.09076997885
9.598393574297189 -0.188408885293 -0.912224180053 1.41250022429 1.51191153498
9.63855421686747 -0.200322489875 0.335428747592 1.45973417685 0.829765241186
9.67871485943775 -0.161100045886 1.61035423703 1.47886474485 0.126532161379
9.718875502008032 -0.0725276049339 2.76986329185 1.47074652883 -0.513525685074
9.759036144578314 0.058083668611 3.68415080679 1.43949700695 -1.01375219793
9.799196787148594 0.218721253891 4.25115182839 1.39200966709 -1.31389508692
9.839357429718875 0.39403278291 4.40821248582 1.33714868225 -1.37701730198
9.879518072289157 0.56706958403 4.13925510133 1.28471735336 -1.19373991525
9.919678714859439 0.721212602054 3.47661546108 1.24431856547 -0.783329599087
9.959839357429718 0.842060411987 2.49732173386 1.22423771981 -0.19149417746
10.0 0.919062603948 1.31427726329 1.23047649499 0.514839983662
